Processed 1943 files, 8545284 messages, 8545284 latencies extracted

================================================================================
BIXBY-MASTER LATENCY ANALYSIS (ROUND-TRIP)
================================================================================
Time Period: 2025-09-07T00:00:02+00:00 to 2025-09-27T07:21:55+00:00
Files Processed: 1943
Latencies Extracted: 8545284
Measurement Type: ROUND-TRIP
Note: Round-trip latency from Bixby perspective (request sent → response received). To calculate one-way latency, need Master logs with receiveTimeMs.
================================================================================

OVERALL STATISTICS
--------------------------------------------------------------------------------
Count:       8,545,284
Min:             0.000 ms
Median:         12.000 ms
Max:         46984.000 ms
P99:           287.000 ms
P99.9:         296.000 ms
P99.99:       1091.510 ms

HOURLY STATISTICS
--------------------------------------------------------------------------------
Hour                    Count      Min   Median      Max      P99    P99.9   P99.99
--------------------------------------------------------------------------------
2025-09-07 00:00        3,242     0.00     2.00    70.00    64.00    65.00    70.00
2025-09-07 01:00        3,240     0.00     2.00    71.00    64.00    65.00    70.35
2025-09-07 02:00        3,240     0.00     2.00    69.00    65.00    65.00    67.70
2025-09-07 03:00        3,240     0.00     2.00    66.00    65.00    66.00    66.00
2025-09-07 04:00        3,236     0.00     2.00    66.00    65.00    66.00    66.00
2025-09-07 05:00        3,306     0.00     2.00    66.00    64.00    65.00    66.00
2025-09-07 06:00        3,634     0.00     2.00    66.00    64.00    65.00    66.00
2025-09-07 07:00        4,144     0.00     1.00    65.00    64.00    65.00    65.00
2025-09-07 08:00        4,073     0.00     1.00   123.00    65.00    66.00    99.79
2025-09-07 09:00        4,063     0.00     1.00    79.00    64.00    65.00    78.59
2025-09-07 10:00        3,962     0.00     1.00    67.00    66.00    67.00    67.00
2025-09-07 11:00        4,140     0.00     1.00    67.00    66.00    67.00    67.00
2025-09-07 12:00        3,998     0.00     1.00    69.00    65.00    66.00    67.80
2025-09-07 13:00        3,898     0.00     1.00    80.00    65.00    65.10    74.54
2025-09-07 14:00        3,956     0.00     1.00    66.00    64.00    65.00    66.00
2025-09-07 15:00        3,956     0.00     1.00    68.00    65.00    66.00    67.60
2025-09-07 16:00        3,960     0.00     1.00    66.00    65.00    66.00    66.00
2025-09-07 17:00        4,028     0.00     1.00    72.00    65.00    66.00    69.58
2025-09-07 18:00        3,962     0.00     1.00    66.00    64.00    65.00    66.00
2025-09-07 19:00        3,959     0.00     1.00    68.00    65.00    66.00    67.60
2025-09-07 20:00        3,667     0.00     1.00    67.00    65.00    66.00    67.00
2025-09-07 21:00        3,234     0.00     2.00    66.00    65.00    66.00    66.00
2025-09-07 22:00        3,244     0.00     2.00    68.00    65.00    67.00    68.00
2025-09-07 23:00        3,312     0.00     2.00    67.00    65.00    66.00    66.67
2025-09-08 00:00        3,242     0.00     2.00    67.00    65.00    66.00    67.00
2025-09-08 01:00        3,240     0.00     2.00    66.00    65.00    65.00    66.00
2025-09-08 02:00        3,240     0.00     1.00    68.00    65.00    66.00    67.68
2025-09-08 03:00        3,238     0.00     1.00    67.00    65.00    66.00    66.68
2025-09-08 04:00        3,240     0.00     2.00    67.00    65.00    66.00    67.00
2025-09-08 05:00        3,306     0.00     2.00    86.00    66.00    68.39    82.36
2025-09-08 06:00        3,652     0.00     2.00    68.00    65.00    66.00    67.27
2025-09-08 07:00        3,956     0.00     1.00    65.00    64.00    65.00    65.00
2025-09-08 08:00        3,606     0.00     1.00    67.00    65.00    66.00    66.64
2025-09-08 09:00        3,240     0.00     2.00   253.00    64.00    65.00   194.05
2025-09-08 10:00        3,240     0.00     1.00    65.00    64.00    65.00    65.00
2025-09-08 11:00        3,308     1.00     2.00    65.00    64.00    65.00    65.00
2025-09-08 12:00        3,250     0.00     2.00    66.00    65.00    65.00    65.67
2025-09-08 13:00        3,242     0.00     2.00 29343.00    64.00  8731.28 28516.22
2025-09-08 14:00        3,384     0.00     2.00 31991.00    65.00 17917.77 31085.71
2025-09-08 15:00        3,936     0.00     2.00    66.00    65.00    65.00    66.00
2025-09-08 16:00        3,372     1.00     2.00    66.00    65.00    65.00    65.66
2025-09-08 17:00        3,552     1.00    61.00   314.00   249.42   285.00   308.67
2025-09-08 18:00       15,698     1.00    61.00 20354.00   289.00   290.00  8566.10
2025-09-08 19:00       17,416     1.00    12.00   293.00   289.00   290.58   292.00
2025-09-08 20:00       17,010     1.00    13.00   290.00   288.00   289.00   290.00
2025-09-08 21:00       17,592     1.00    12.00 22469.00   287.00   291.00  5226.84
2025-09-08 22:00       16,836     1.00    12.00   337.00   287.00   291.00   329.17
2025-09-08 23:00       17,290     1.00    12.00   306.00   291.00   292.00   295.71
2025-09-09 00:00       17,816     1.00    12.00  1302.00   288.00   291.00   531.04
2025-09-09 01:00       17,942     1.00    12.00   302.00   290.00   291.00   291.00
2025-09-09 02:00       17,978     1.00    12.00 21562.00   289.00   294.00  4432.15
2025-09-09 03:00       17,400     1.00    12.00   296.00   291.00   294.00   295.26
2025-09-09 04:00       16,890     1.00    12.00  7160.00   292.00   292.00   307.56
2025-09-09 05:00       16,834     1.00    12.00 24518.00   291.00   297.00 24030.54
2025-09-09 06:00       17,330     1.00    12.00 24812.00   289.00   290.00 23198.20
2025-09-09 07:00       16,808     1.00    12.00   317.00   288.00   290.00   301.87
2025-09-09 08:00       17,957     1.00    12.00   300.00   283.00   286.00   287.00
2025-09-09 09:00       18,828     1.00    12.00   307.00   287.00   292.00   293.70
2025-09-09 10:00       18,089     1.00    12.00 26912.00   292.00   295.00  5368.90
2025-09-09 11:00       19,032     1.00    12.00 28176.00   288.00   293.00  2631.71
2025-09-09 12:00       19,607     1.00    12.00 11588.00   295.00   300.00  6526.46
2025-09-09 13:00       19,846     1.00    12.00   298.00   295.00   297.00   298.00
2025-09-09 14:00       18,730     1.00    12.00   311.00   292.00   302.00   306.51
2025-09-09 15:00       19,934     1.00    12.00 29586.00   288.00   294.00 26717.92
2025-09-09 16:00       20,204     1.00    10.00   326.00   290.00   293.00   311.72
2025-09-09 17:00       18,410     1.00    12.00 27967.00   293.00   294.00  4463.17
2025-09-09 18:00       19,360     1.00    12.00   356.00   294.00   298.00   339.58
2025-09-09 19:00       18,502     1.00    12.00   370.00   290.00   325.50   366.30
2025-09-09 20:00       17,920     1.00    12.00   372.00   286.00   289.00   369.21
2025-09-09 21:00       17,082     1.00    12.00   359.00   293.00   294.00   348.80
2025-09-09 22:00       17,142     1.00    12.00 25078.00   288.00   289.00  7246.35
2025-09-09 23:00       17,339     1.00    12.00   354.00   287.00   288.00   349.33
2025-09-10 00:00       16,305     1.00    12.00   295.00   287.00   288.00   289.37
2025-09-10 01:00       16,592     1.00    12.00   290.00   288.00   288.41   289.00
2025-09-10 02:00       16,360     1.00    12.00   295.00   288.00   289.00   292.46
2025-09-10 03:00       16,360     1.00    12.00   411.00   287.00   356.13   406.46
2025-09-10 04:00       16,196     1.00    13.00   339.00   284.00   292.00   319.99
2025-09-10 05:00       16,266     1.00    12.00 19013.00   291.00   295.00 16055.11
2025-09-10 06:00       16,710     1.00    12.00 11391.00   286.00   291.00  2986.46
2025-09-10 07:00       16,866     1.00    12.00   377.00   288.00   297.00   372.88
2025-09-10 08:00       18,141     1.00    12.00   321.00   289.00   299.00   318.37
2025-09-10 09:00       18,526     1.00    12.00  8625.00   290.00   412.32  1380.44
2025-09-10 10:00       18,505     1.00    12.00   845.00   286.00   294.00   346.49
2025-09-10 11:00       18,410     1.00    12.00   290.00   286.00   287.00   290.00
2025-09-10 12:00       18,286     1.00    12.00   294.00   290.00   294.00   294.00
2025-09-10 13:00       18,372     1.00    12.00   296.00   294.00   294.00   294.00
2025-09-10 14:00       18,260     1.00    12.00   339.00   292.00   293.00   309.35
2025-09-10 15:00       18,186     1.00    12.00 26924.00   292.00   294.00  4890.97
2025-09-10 16:00       17,884     1.00    12.00 25565.00   293.00   294.00  5597.73
2025-09-10 17:00       16,598     1.00    12.00 25835.00   289.00   329.21 24069.05
2025-09-10 18:00       16,330     1.00    12.00   425.00   300.00   341.34   392.42
2025-09-10 19:00       17,061     1.00    12.00   395.00   286.00   298.94   390.06
2025-09-10 20:00       15,116     1.00    60.00   480.00   286.00   355.00   427.66
2025-09-10 21:00       16,306     1.00    12.00   368.00   288.00   327.00   357.85
2025-09-10 22:00       15,865     1.00    59.00 26268.00   288.00   290.00 10136.58
2025-09-10 23:00       15,936     1.00    13.00   284.00   280.00   283.00   283.00
2025-09-11 00:00       15,693     1.00    59.00   295.00   282.00   289.00   293.00
2025-09-11 01:00       15,691     1.00    60.00   331.00   286.00   289.00   308.43
2025-09-11 02:00       15,774     1.00    60.00   300.00   286.00   290.00   293.11
2025-09-11 03:00       15,684     1.00    61.00 24565.00   285.00   288.00 10600.27
2025-09-11 04:00       16,660     1.00    12.00 24658.00   287.00   293.00  7546.50
2025-09-11 05:00       15,868     1.00    60.00 16350.00   290.00   294.53 13386.49
2025-09-11 06:00       16,344     1.00    12.00   314.00   296.00   300.00   311.73
2025-09-11 07:00       16,123     1.00    12.00   313.00   296.00   298.00   309.16
2025-09-11 08:00       17,530     1.00    12.00 27458.00   297.00   315.47 21130.36
2025-09-11 09:00       18,291     1.00    12.00   794.00   292.00   300.00   307.88
2025-09-11 10:00       18,320     1.00    12.00 25648.00   291.00   292.00  4481.30
2025-09-11 11:00       18,468     1.00    12.00   296.00   291.00   292.00   293.00
2025-09-11 12:00       18,868     1.00    12.00   319.00   292.00   295.00   301.57
2025-09-11 13:00       19,132     1.00    12.00   310.00   288.00   291.00   302.09
2025-09-11 14:00       18,634     1.00    12.00   299.00   291.00   298.00   298.14
2025-09-11 15:00       18,804     1.00    12.00 24759.00   289.00   293.00 24427.17
2025-09-11 16:00       18,452     1.00    12.00   317.00   285.00   292.00   309.39
2025-09-11 17:00       18,574     1.00    12.00 28011.00   286.00   292.00  3777.22
2025-09-11 18:00       17,806     1.00    12.00   369.00   288.00   294.00   299.93
2025-09-11 19:00       18,030     1.00    12.00   292.00   283.00   291.00   292.00
2025-09-11 20:00       17,340     1.00    12.00   294.00   292.00   293.00   293.00
2025-09-11 21:00       17,414     1.00    12.00   366.00   292.00   293.00   352.26
2025-09-11 22:00       17,846     1.00    12.00   292.00   287.00   291.00   292.00
2025-09-11 23:00       18,740     1.00    12.00 25009.00   291.00   292.00  3271.98
2025-09-12 00:00       19,282     1.00    10.00 24825.00   291.00   292.00  2088.36
2025-09-12 01:00       18,706     1.00    11.00   432.00   290.00   290.00   393.30
2025-09-12 02:00       18,656     1.00    14.00   369.00   289.00   290.00   331.84
2025-09-12 03:00       18,516     1.00    14.00   380.00   290.00   295.00   320.09
2025-09-12 04:00       18,318     1.00    14.00   329.00   290.00   294.00   320.50
2025-09-12 05:00       18,506     1.00    14.00 14723.00   288.00   293.00 12615.88
2025-09-12 06:00       18,932     1.00    14.00   342.00   289.00   293.00   328.43
2025-09-12 07:00       18,434     1.00    14.00   303.00   299.00   302.00   302.00
2025-09-12 08:00       19,542     1.00    13.00 24427.00   289.00   305.00  1409.02
2025-09-12 09:00       19,724     1.00    13.00   322.00   312.00   317.00   318.03
2025-09-12 10:00       19,638     1.00    13.00   346.00   283.00   292.00   295.04
2025-09-12 11:00       20,256     1.00    10.00   318.00   279.00   281.00   309.87
2025-09-12 12:00       20,782     1.00    10.00   325.00   310.00   324.00   325.00
2025-09-12 13:00       20,482     1.00    10.00   356.00   298.00   322.00   322.00
2025-09-12 14:00       19,414     1.00    12.00   350.00   291.00   298.00   323.06
2025-09-12 15:00       21,852     1.00     5.00 21053.00   290.00   298.00   386.08
2025-09-12 16:00       21,822     1.00     8.00 27746.00   292.00   295.00 24051.24
2025-09-12 17:00       19,773     1.00    12.00 31361.00   287.00   295.00 23766.17
2025-09-12 18:00       18,360     1.00    12.00   338.00   292.00   295.00   331.99
2025-09-12 19:00       18,782     1.00    12.00   381.00   287.00   295.00   357.73
2025-09-12 20:00       18,640     1.00    12.00 23022.00   292.00   305.00  3472.18
2025-09-12 21:00       18,360     1.00    12.00 22322.00   291.00   296.00  3899.63
2025-09-12 22:00       17,961     1.00    12.00 10339.00   287.00   289.08  2332.93
2025-09-12 23:00       17,960     1.00    12.00   327.00   287.00   293.00   294.00
2025-09-13 00:00       18,666     1.00    11.00   342.00   289.00   290.00   290.00
2025-09-13 01:00       18,440     1.00    11.00   318.00   287.00   288.00   288.16
2025-09-13 02:00       18,630     1.00    12.00   359.00   286.00   286.00   324.74
2025-09-13 03:00       18,090     1.00    12.00 25556.00   285.00   302.00  5037.31
2025-09-13 04:00       18,580     1.00    11.00 27145.00   288.00   289.00  3775.14
2025-09-13 05:00       17,944     1.00    12.00 28793.00   288.00   289.00 19391.08
2025-09-13 06:00       18,280     1.00    12.00 22458.00   289.00   292.00  4143.13
2025-09-13 07:00       17,774     1.00    12.00   441.00   289.00   290.00   327.27
2025-09-13 08:00       19,543     1.00    11.00 25030.00   292.00   296.00  1420.67
2025-09-13 09:00       19,137     1.00    12.00 23480.00   293.00   295.00  2238.46
2025-09-13 10:00       19,022     1.00    12.00   373.00   291.00   295.00   306.36
2025-09-13 11:00       19,240     1.00    12.00   389.00   293.00   293.00   375.76
2025-09-13 12:00       19,828     1.00    11.00   340.00   291.00   296.00   317.17
2025-09-13 13:00       19,136     1.00    12.00 23856.00   289.00   290.00  2316.54
2025-09-13 14:00       18,712     1.00    12.00 26691.00   289.00   292.00  3539.05
2025-09-13 15:00       18,706     1.00    12.00   347.00   286.00   290.00   338.78
2025-09-13 16:00       19,254     1.00    12.00   439.00   286.00   291.00   397.27
2025-09-13 17:00       19,134     1.00    12.00   393.00   289.00   362.00   391.09
2025-09-13 18:00       18,746     1.00    12.00   370.00   286.00   291.00   311.38
2025-09-13 19:00       18,676     1.00    12.00   390.00   288.00   288.00   330.52
2025-09-13 20:00       18,560     1.00    11.00 28257.00   288.00   300.00  4081.06
2025-09-13 21:00       18,024     1.00    12.00   420.00   287.00   289.00   343.20
2025-09-13 22:00       18,104     1.00    12.00   333.00   286.00   287.00   311.98
2025-09-13 23:00       18,296     1.00    12.00 22810.00   286.00   287.00  3935.06
2025-09-14 00:00       18,824     1.00    11.00 28611.00   287.00   290.00 24298.40
2025-09-14 01:00       18,002     1.00    12.00   446.00   286.00   289.00   290.00
2025-09-14 02:00       18,190     1.00    12.00   310.00   286.00   287.00   307.18
2025-09-14 03:00       18,032     1.00    12.00   438.00   288.00   289.00   350.25
2025-09-14 04:00       18,642     1.00    11.00 26868.00   288.00   291.00  3763.67
2025-09-14 05:00       17,970     1.00    12.00 28201.00   286.00   292.00 24932.24
2025-09-14 06:00       18,270     1.00    12.00   443.00   288.00   292.00   293.00
2025-09-14 07:00       17,978     1.00    12.00 23310.00   290.00   294.00  4725.37
2025-09-14 08:00       19,517     1.00    12.00 28432.00   292.00   295.00 26205.66
2025-09-14 09:00       19,193     1.00    12.00  2345.00   289.00   294.00   413.36
2025-09-14 10:00       19,076     1.00    12.00   333.00   287.00   292.00   296.96
2025-09-14 11:00       19,323     1.00    12.00   455.00   288.00   293.00   323.87
2025-09-14 12:00       19,751     1.00    12.00   431.00   285.00   294.00   381.12
2025-09-14 13:00       19,230     1.00    12.00   419.00   285.00   290.00   315.15
2025-09-14 14:00       18,574     1.00    12.00 26743.00   291.00   293.00  4110.47
2025-09-14 15:00       18,718     1.00    12.00   346.00   288.00   291.00   311.44
2025-09-14 16:00       19,308     1.00    12.00   393.00   289.00   292.00   368.76
2025-09-14 17:00       18,824     1.00    12.00   396.00   289.00   291.00   293.18
2025-09-14 18:00       18,850     1.00    12.00   359.00   291.00   293.00   299.87
2025-09-14 19:00       18,728     1.00    12.00   474.00   292.00   350.55   441.65
2025-09-14 20:00       18,637     1.00    12.00 27451.00   291.00   355.36 25487.49
2025-09-14 21:00       18,012     1.00    12.00 28306.00   288.00   323.93  5690.68
2025-09-14 22:00       18,018     1.00    12.00   402.00   289.00   294.00   362.39
2025-09-14 23:00       17,886     1.00    12.00   453.00   289.00   296.61   411.94
2025-09-15 00:00       18,760     1.00    12.00 27382.00   290.00   293.00  3711.45
2025-09-15 01:00       18,196     1.00    12.00   468.00   290.00   292.00   374.67
2025-09-15 02:00       18,080     1.00    12.00   443.00   292.00   292.00   371.14
2025-09-15 03:00       17,940     1.00    12.00 28879.00   291.00   292.00  5883.17
2025-09-15 04:00       17,908     1.00    12.00   437.00   289.00   295.00   372.49
2025-09-15 05:00       17,063     1.00    12.00 29966.00   290.00   293.00 26668.94
2025-09-15 06:00       17,412     1.00    12.00 25688.00   289.00   292.00  6818.43
2025-09-15 07:00       17,028     1.00    12.00   463.00   291.00   292.00   407.65
2025-09-15 08:00       18,857     0.00    12.00   403.00   286.00   292.00   361.03
2025-09-15 09:00       18,338     1.00    12.00 27902.00   278.00   286.00   291.83
2025-09-15 10:00       18,151     1.00    12.00 25479.00   285.00   291.00  4912.19
2025-09-15 11:00       18,790     1.00    12.00   444.00   282.00   290.00   298.85
2025-09-15 12:00       20,860     1.00    12.00   450.00   290.00   291.00   332.49
2025-09-15 13:00       19,323     1.00    12.00   323.00   290.00   291.00   302.20
2025-09-15 14:00       19,834     1.00    11.00   614.00   287.00   292.00   363.11
2025-09-15 15:00       19,525     1.00    10.00   389.00   290.00   291.00   330.33
2025-09-15 16:00       18,482     1.00    10.00   421.00   290.00   293.00   340.68
2025-09-15 17:00       19,158     1.00    10.00 27191.00   288.00   294.00  2418.47
2025-09-15 18:00       18,428     1.00    10.00 28362.00   285.00   291.00 23731.67
2025-09-15 19:00       18,428     1.00    10.00   461.00   287.00   299.00   448.57
2025-09-15 20:00       17,406     1.00    10.00   530.00   288.00   289.00   368.63
2025-09-15 21:00       17,943     1.00    10.00 21748.00   288.00   290.00  4336.78
2025-09-15 22:00       17,643     1.00    10.00 25037.00   288.00   293.00  6084.49
2025-09-15 23:00       17,820     1.00    10.00   420.00   288.00   290.00   370.34
2025-09-16 00:00       17,626     1.00    10.00 22144.00   290.00   291.00  5645.84
2025-09-16 01:00       17,508     1.00    10.00   445.00   284.00   287.00   384.74
2025-09-16 02:00       17,376     1.00    10.00   321.00   285.00   289.00   311.84
2025-09-16 03:00       17,154     1.00    10.00   498.00   278.00   293.00   346.56
2025-09-16 04:00       17,244     1.00    10.00   429.00   282.00   347.14   399.83
2025-09-16 05:00       16,464     1.00    10.00 23379.00   252.00   292.54 22329.31
2025-09-16 06:00       15,968     1.00    11.00 13996.00   278.00   291.00  5566.05
2025-09-16 07:00       17,678     1.00    10.00 24196.00   278.00   288.00 21024.58
2025-09-16 08:00       18,425     1.00    10.00   471.00   288.00   292.00   306.05
2025-09-16 09:00       18,432     1.00    10.00 27831.00   285.00   286.00  4705.62
2025-09-16 10:00       18,253     1.00    10.00 20106.00   280.00   292.00  3747.97
2025-09-16 11:00       19,081     1.00    10.00 25049.00   251.00   289.00  2467.98
2025-09-16 12:00       18,738     1.00    10.00 24421.00   271.00   287.00  3351.55
2025-09-16 13:00       18,663     1.00    10.00 25771.00   286.00   294.00  3736.97
2025-09-16 14:00       18,162     1.00    10.00 23751.00   279.00   282.00  4664.70
2025-09-16 15:00       18,278     1.00    10.00 24139.00   275.00   284.72  4021.79
2025-09-16 16:00       18,602     1.00    10.00 21707.00   289.00   293.00  2996.40
2025-09-16 17:00       19,846     1.00    10.00 23124.00   290.00   292.00 20898.96
2025-09-16 18:00       19,600     1.00    10.00 26100.00   252.01   292.00  1477.72
2025-09-16 19:00       19,042     1.00    10.00 27377.00   254.00   269.00  2980.35
2025-09-16 20:00       17,564     1.00    10.00 27441.00   286.00   292.00 26272.60
2025-09-16 21:00       18,400     1.00    10.00 27405.00   291.00   293.00  4498.50
2025-09-16 22:00       18,338     1.00    10.00   442.00   289.00   292.00   436.33
2025-09-16 23:00       18,530     1.00    10.00   345.00   279.00   295.47   332.88
2025-09-17 00:00       18,212     1.00    12.00 24867.00   283.00   285.00 22935.17
2025-09-17 01:00       18,486     1.00    12.00   445.00   282.00   284.51   430.15
2025-09-17 02:00       18,384     1.00    12.00 27070.00   292.00   311.23 23419.78
2025-09-17 03:00       18,096     1.00    12.00   501.00   278.00   292.00   475.38
2025-09-17 04:00       18,026     1.00    12.00 26806.00   254.00   294.00  5092.83
2025-09-17 05:00       18,180     0.00    12.00 13203.00   251.00   289.00 12180.64
2025-09-17 06:00       18,520     1.00    12.00 24382.00   279.00   352.96  3857.18
2025-09-17 07:00       17,786     1.00    12.00 24895.00   288.00   299.00  5801.81
2025-09-17 08:00       19,032     1.00    12.00   359.00   271.00   289.81   344.87
2025-09-17 09:00       19,562     1.00    12.00 22701.00   290.00   304.27  5502.31
2025-09-17 10:00       19,110     1.00    12.00 10296.00   276.00   290.00   862.45
2025-09-17 11:00       19,512     1.00    12.00 28279.00   277.00   280.00  1702.87
2025-09-17 12:00       19,472     1.00    12.00 26012.00   288.00   292.00  1459.81
2025-09-17 13:00       19,694     1.00    12.00   512.00   289.00   291.00   478.09
2025-09-17 14:00       19,702     1.00    12.00 24265.00   286.00   292.00 23116.13
2025-09-17 15:00       19,492     1.00    12.00   495.00   285.00   290.00   327.97
2025-09-17 16:00       19,044     1.00    12.00 29624.00   282.00   292.00 24915.87
2025-09-17 17:00       18,948     1.00    12.00 28253.00   283.00   296.00 23152.59
2025-09-17 18:00       18,562     1.00    12.00 25421.00   290.00   298.44  3705.39
2025-09-17 19:00       13,747     1.00    12.00 25855.00   285.00   296.00 24189.33
2025-09-17 21:00        9,050     1.00    12.00   304.00   248.00   249.00   295.86
2025-09-17 22:00       20,192     1.00    10.00 28755.00   278.00   280.00   295.90
2025-09-17 23:00       22,776     1.00     3.00 42508.00   279.00   286.00 25445.03
2025-09-18 00:00       20,248     1.00    10.00 28335.00   280.00   281.00   337.51
2025-09-18 01:00       20,254     1.00    10.00 26647.00   269.00   279.00   372.98
2025-09-18 02:00       21,382     1.00     3.00 27812.00   252.00   285.62   437.50
2025-09-18 03:00       20,900     0.00     4.00 28103.00   285.00   289.00 25716.19
2025-09-18 04:00       20,234     1.00    10.00 28582.00   289.00   365.77   439.93
2025-09-18 05:00       20,242     1.00    10.00 26508.00   255.00   326.00 13532.18
2025-09-18 06:00       20,732     1.00     4.00 20067.00   249.00   251.00  2090.41
2025-09-18 07:00       19,858     1.00     7.00 25236.00   254.00   256.00   664.95
2025-09-18 08:00       18,749     1.00    12.00 26803.00   291.00   294.00  3318.64
2025-09-18 09:00       19,158     1.00    12.00 30850.00   249.00   305.00 26171.02
2025-09-18 10:00       19,371     1.00    12.00 24924.00   250.00   253.00  2127.30
2025-09-18 11:00       20,018     1.00    12.00 22640.00   246.00   287.32   456.86
2025-09-18 12:00       19,967     0.00    12.00 23023.00   247.00   300.00 22614.13
2025-09-18 13:00       19,778     1.00    12.00   432.00   252.00   293.00   414.36
2025-09-18 14:00       19,548     0.00    12.00 27684.00   250.00   292.00  1482.17
2025-09-18 15:00       19,771     1.00    12.00 45198.00   253.00   329.15 25064.71
2025-09-18 16:00       19,718     1.00    12.00 26502.00   267.00   271.00  1924.52
2025-09-18 17:00       20,414     1.00    12.00 30449.00   284.00   290.00 26821.70
2025-09-18 18:00       19,544     1.00    12.00   574.00   287.00   289.00   337.14
2025-09-18 19:00       18,236     1.00    12.00 26384.00   285.00   291.00  4791.21
2025-09-18 20:00       18,134     1.00    12.00 27560.00   282.00   283.00 26000.22
2025-09-18 21:00       20,002     1.00    10.00   457.00   280.00   281.00   360.00
2025-09-18 22:00       21,490     1.00     5.00   468.00   254.00   293.00   385.85
2025-09-18 23:00       20,878     1.00     7.00   342.00   250.00   283.00   284.00
2025-09-19 00:00       20,432     1.00    10.00   566.00   254.00   294.00   382.22
2025-09-19 01:00       21,312     1.00     3.00   395.00   290.00   292.00   294.00
2025-09-19 02:00       21,162     1.00     3.00   348.00   284.00   290.00   325.00
2025-09-19 03:00       20,648     1.00     4.00 24817.00   281.00   362.35   386.81
2025-09-19 04:00       19,355     1.00    11.00 29469.00   292.00   295.00 25604.75
2025-09-19 05:00       20,148     1.00     6.00 20087.00   252.00   295.00 17847.28
2025-09-19 06:00       20,546     1.00     7.00 28061.00   251.00   253.00 23494.60
2025-09-19 07:00       20,222     1.00     6.50   489.00   250.00   252.00   298.98
2025-09-19 08:00       21,201     1.00    10.00   300.00   278.00   289.00   294.64
2025-09-19 09:00       20,189     1.00    11.00 27370.00   252.00   284.00 25880.55
2025-09-19 10:00       21,216     1.00    10.00 25765.00   292.00   293.00  3104.62
2025-09-19 11:00       22,998     1.00     3.00 27131.00   292.00   294.00 24794.90
2025-09-19 12:00       22,508     1.00     3.00   451.00   290.00   291.00   432.00
2025-09-19 13:00       22,448     1.00     4.00 24751.00   278.00   293.55 23240.15
2025-09-19 14:00       23,388     1.00     3.00 26669.00   253.00   292.00 15972.15
2025-09-19 15:00       22,234     1.00     4.00 25462.00   275.00   294.00 23688.19
2025-09-19 16:00       21,850     1.00    10.00 26472.00   282.00   294.00 22167.40
2025-09-19 17:00       20,910     1.00    12.00 25582.00   289.00   292.00 23080.73
2025-09-19 18:00       19,620     1.00    12.00   295.00   288.00   293.00   293.04
2025-09-19 19:00       16,824     1.00    14.00 24548.00   287.00   294.00 21144.38
2025-09-19 20:00       16,652     1.00    14.00 23547.00   286.00   292.00  7814.85
2025-09-19 21:00       16,660     1.00    14.00 25147.00   290.00   297.00  7907.98
2025-09-19 22:00       17,896     1.00    13.00   297.00   290.00   296.00   296.21
2025-09-19 23:00       18,604     1.00    13.00   289.00   281.00   288.00   289.00
2025-09-20 00:00       19,352     1.00    12.00   338.00   282.00   293.00   296.95
2025-09-20 01:00       19,497     1.00    12.00   462.00   289.00   293.00   356.18
2025-09-20 02:00       19,393     1.00    12.00   311.00   289.00   292.00   304.43
2025-09-20 03:00       19,186     1.00    12.00 26026.00   292.00   294.00  2277.16
2025-09-20 04:00       18,644     1.00    12.00   387.00   289.00   316.43   376.00
2025-09-20 05:00       19,370     1.00    12.00 26391.00   278.00   295.00 20657.59
2025-09-20 06:00       19,606     1.00    10.00 28617.00   250.00   292.00 24026.77
2025-09-20 07:00       19,080     1.00    12.00   292.00   251.00   292.00   292.00
2025-09-20 08:00       20,264     1.00    11.00   291.00   270.00   290.00   291.00
2025-09-20 09:00       20,376     1.00    11.00 26668.00   286.25   289.00 24515.90
2025-09-20 10:00       20,286     1.00    11.00   295.00   291.00   294.00   295.00
2025-09-20 11:00       20,518     1.00    11.00   326.00   286.00   294.00   300.69
2025-09-20 12:00       20,562     1.00    11.00   298.00   280.00   289.00   290.00
2025-09-20 13:00       20,766     1.00    11.00 28531.00   282.00   292.00   369.08
2025-09-20 14:00       20,151     1.00    12.00 29860.00   282.00   283.00   383.82
2025-09-20 15:00       20,052     1.00    11.00 22858.00   277.00   279.00   280.00
2025-09-20 16:00       20,158     1.00    12.00   280.00   271.00   272.00   272.98
2025-09-20 17:00       20,138     1.00    12.00 27319.00   269.00   281.00   295.81
2025-09-20 18:00       20,178     1.00    12.00   288.00   269.00   287.00   288.00
2025-09-20 19:00       20,254     1.00    12.00 31747.00   279.00   283.00   308.90
2025-09-20 20:00       19,606     1.00    11.00  3941.00   279.00   288.00   304.00
2025-09-20 21:00       19,658     1.00    10.00  1138.00   289.00   299.00   317.94
2025-09-20 22:00       19,748     1.00    11.00   303.00   297.00   299.00   303.00
2025-09-20 23:00       19,756     0.00    12.00   302.00   297.00   302.00   302.00
2025-09-21 00:00       19,734     1.00    12.00   315.00   290.00   292.00   293.00
2025-09-21 01:00       19,520     1.00    12.00   394.00   290.00   291.00   295.22
2025-09-21 02:00       19,386     0.00    12.00 32542.00   288.00   293.00  2115.12
2025-09-21 03:00       19,590     1.00    12.00   293.00   285.00   291.00   292.00
2025-09-21 04:00       19,454     1.00    12.00   357.00   288.00   292.00   298.38
2025-09-21 05:00       19,376     1.00    12.00 26039.00   290.00   291.00 22628.25
2025-09-21 06:00       19,688     1.00    11.00 28199.00   277.00   290.00 21682.15
2025-09-21 07:00       19,186     1.00    12.00   289.00   279.00   288.00   289.00
2025-09-21 08:00       20,411     1.00    12.00   340.00   283.00   288.00   289.00
2025-09-21 09:00       20,673     1.00    12.00   301.00   249.00   281.00   281.93
2025-09-21 10:00       20,567     1.00    12.00 28354.00   281.00   286.00   287.00
2025-09-21 11:00       20,795     1.00    12.00 28304.00   289.00   293.00   319.25
2025-09-21 12:00       20,614     0.00    12.00   294.00   289.00   293.00   293.00
2025-09-21 13:00       20,723     1.00    12.00   299.00   252.00   280.00   280.00
2025-09-21 14:00       20,101     1.00    12.00 30136.00   281.00   286.00   876.43
2025-09-21 15:00       20,233     0.00    12.00   295.00   279.00   282.00   284.95
2025-09-21 16:00       20,102     0.00    12.00   306.00   281.00   286.00   289.98
2025-09-21 17:00       20,556     1.00    12.00 27973.00   285.00   289.00 24072.94
2025-09-21 18:00       20,417     1.00    12.00   293.00   286.00   288.00   289.00
2025-09-21 19:00       20,431     1.00    12.00 23858.00   285.00   289.00   296.96
2025-09-21 20:00       19,718     1.00    12.00   353.00   280.00   291.00   295.85
2025-09-21 21:00       19,738     1.00    12.00 26899.00   281.00   286.00  1032.98
2025-09-21 22:00       19,712     1.00    12.00   295.00   281.00   286.00   287.00
2025-09-21 23:00       19,946     0.00    12.00 28826.00   282.00   307.38  4421.40
2025-09-22 00:00       19,626     1.00    12.00 23047.00   281.00   292.00  1148.47
2025-09-22 01:00       19,558     0.00    12.00 24262.00   279.00   287.00  1343.97
2025-09-22 02:00       20,692     1.00     4.00   389.00   282.00   284.31   375.93
2025-09-22 03:00       20,824     1.00     5.00   281.00   250.00   251.00   252.00
2025-09-22 04:00       20,731     1.00     4.00   258.00   250.00   252.00   253.00
2025-09-22 05:00       20,711     1.00     4.00 29067.00   287.00   295.00 20454.83
2025-09-22 06:00       21,160     1.00     3.00 25341.00   270.00   287.00   666.57
2025-09-22 07:00       20,632     1.00     4.00 29755.00   252.00   281.00   340.15
2025-09-22 08:00       21,781     1.00     4.00 29240.00   279.00   283.00   284.00
2025-09-22 09:00       21,953     1.00     4.00   357.00   280.00   281.00   285.22
2025-09-22 10:00       21,872     1.00     7.00   326.00   286.00   290.00   299.13
2025-09-22 11:00       22,210     0.00     3.00   377.00   285.00   290.00   304.25
2025-09-22 12:00       22,168     1.00     3.00   360.00   251.00   285.00   296.97
2025-09-22 13:00       22,710     1.00     3.00   290.00   247.00   285.00   289.00
2025-09-22 14:00       21,520     1.00    11.00   281.00   249.00   252.00   253.00
2025-09-22 15:00       21,922     1.00     8.00   332.00   280.00   281.08   282.81
2025-09-22 16:00       23,386     1.00     4.00 26706.00   280.00   291.00   323.66
2025-09-22 17:00       23,359     1.00     3.00 31070.00   292.00   293.64 26486.54
2025-09-22 18:00       21,891     0.00    12.00 27124.00   292.00   295.00 24162.79
2025-09-22 19:00       21,900     1.00    12.00 30591.00   287.00   292.00   332.35
2025-09-22 20:00       21,066     1.00     6.00 28964.00   283.00   289.00 25542.94
2025-09-22 21:00       20,967     1.00     5.00   384.00   281.00   284.00   284.90
2025-09-22 22:00       20,900     1.00     4.50 26285.00   283.00   291.00 23993.02
2025-09-22 23:00       21,019     1.00     3.00   364.00   280.00   287.00   335.19
2025-09-23 00:00       19,166     1.00    12.00 29491.00   292.00   293.00 24663.85
2025-09-23 01:00       17,166     1.00    13.00 23809.00   287.00   293.00  6955.16
2025-09-23 02:00       17,236     1.00    13.00   293.00   283.00   285.00   285.28
2025-09-23 03:00       16,818     1.00    14.00 26319.00   253.00   297.00  8172.41
2025-09-23 04:00       16,209     1.00    14.00   433.00   281.00   297.00   405.58
2025-09-23 05:00       12,628     1.00    14.00 31506.00   284.00   300.00 24886.47
2025-09-23 06:00       17,432     1.00    13.00   298.00   251.00   290.00   293.00
2025-09-23 07:00       16,688     1.00    14.00   356.00   283.00   295.00   350.99
2025-09-23 08:00       18,304     1.00    13.00 24611.00   252.00   277.00 20092.08
2025-09-23 09:00       18,294     1.00    12.00 28798.00   284.00   329.28  4978.07
2025-09-23 10:00       18,208     1.00    13.00 22052.00   251.00   293.00  4180.34
2025-09-23 11:00       19,586     1.00    12.00 25408.00   251.00   292.00 23418.78
2025-09-23 12:00       19,010     1.00    12.00 30663.00   254.00   295.00  3315.19
2025-09-23 13:00       19,666     1.00    12.00 25680.00   292.00   299.00  1122.02
2025-09-23 14:00       19,322     1.00    12.00 23976.00   281.00   292.00  2250.51
2025-09-23 15:00       18,928     1.00    13.00 25380.00   284.00   293.00  3017.20
2025-09-23 16:00       19,036     1.00    13.00 25250.00   281.00   290.00 23980.28
2025-09-23 17:00       19,805     1.00    13.00 46822.00   283.00   297.00 31311.13
2025-09-23 18:00       18,230     1.00    13.00 25791.00   250.00   285.00 17736.51
2025-09-23 19:00       18,030     1.00    13.00 25656.00   288.00   294.00  5038.74
2025-09-23 20:00       17,544     1.00    14.00 27889.00   275.00   298.29 26383.11
2025-09-23 21:00       17,212     1.00    14.00 25765.00   281.00   288.00 24322.51
2025-09-23 22:00       17,180     1.00    13.00 33859.00   287.00   290.00 22589.33
2025-09-23 23:00       18,618     1.00    12.00 23489.00   287.00   290.38 16601.43
2025-09-24 00:00       18,608     1.00    12.00   373.00   289.00   293.00   354.51
2025-09-24 01:00       18,672     1.00    12.00 26873.00   283.00   289.00  3790.38
2025-09-24 02:00       18,560     1.00    12.00   341.00   252.00   290.00   297.20
2025-09-24 03:00       18,318     1.00    12.00 24517.00   254.00   290.00  4431.82
2025-09-24 04:00       18,382     1.00    12.00 23450.00   251.00   295.00  4097.95
2025-09-24 05:00       18,364     1.00    12.00 27396.00   250.00   252.00 23606.83
2025-09-24 06:00       18,786     1.00    11.00 26890.00   250.00   251.00 25056.26
2025-09-24 07:00       18,150     1.00    12.00 25690.00   248.00   252.00  4655.02
2025-09-24 08:00       19,268     1.00    12.00   364.00   252.00   253.00   282.42
2025-09-24 09:00       19,612     1.00    12.00 28274.00   246.00   251.00 26612.12
2025-09-24 10:00       20,105     1.00    12.00 31096.00   249.00   288.00 22055.58
2025-09-24 11:00       20,136     0.00    12.00 28048.00   251.00   253.00 26868.53
2025-09-24 12:00       19,693     0.00    12.00 33298.00   249.00   252.00 27776.66
2025-09-24 13:00       19,725     1.00    12.00 29166.00   239.00   251.00  1145.16
2025-09-24 14:00       19,236     1.00    12.00 27894.00   249.00   281.76 23017.58
2025-09-24 15:00       19,226     1.00    12.00 31722.00   280.00   286.00  2545.30
2025-09-24 16:00       19,312     1.00    12.00 26285.00   280.00   286.00  1966.45
2025-09-24 17:00       19,465     0.00    12.00 25171.00   277.00   286.00 21886.34
2025-09-24 18:00       18,745     1.00    12.00 28635.00   267.00   289.26 26500.13
2025-09-24 19:00       20,246     1.00    12.00 26373.00   287.00   291.00 25913.39
2025-09-24 20:00       20,354     1.00    11.00 30841.00   288.00   290.00   295.93
2025-09-24 21:00       18,186     1.00    12.00 30752.00   281.00   293.00 26445.21
2025-09-24 22:00       17,747     1.00    13.00 23280.00   286.00   294.00  4609.77
2025-09-24 23:00       17,777     1.00    12.00 29331.00   271.00   345.00 27877.60
2025-09-25 00:00       18,114     1.00    13.00   454.00   281.00   355.89   449.00
2025-09-25 01:00       18,158     1.00    12.00   301.00   288.00   292.00   293.00
2025-09-25 02:00       17,840     1.00    13.00 25877.00   292.00   293.00  5878.08
2025-09-25 03:00       17,735     1.00    13.00 24499.00   292.00   293.00  5435.33
2025-09-25 04:00       17,866     1.00    13.00 31399.00   251.00   291.00 25188.04
2025-09-25 05:00       17,959     1.00    13.00 25009.00   251.00   288.00 18468.60
2025-09-25 06:00       17,648     1.00    14.00   328.00   253.00   287.35   315.59
2025-09-25 07:00       17,603     1.00    14.00   480.00   242.00   349.76   471.68
2025-09-25 08:00       19,489     1.00    12.00 17968.00   229.00   249.00  1300.20
2025-09-25 09:00       19,034     1.00    13.00 29183.00   256.00   257.00  2844.92
2025-09-25 10:00       18,855     1.00    13.00 26192.00   239.00   256.00  3077.85
2025-09-25 11:00       19,208     1.00    13.00   252.00   239.00   251.00   251.08
2025-09-25 12:00       19,031     1.00    13.00 31816.00   244.00   257.00 30777.15
2025-09-25 13:00       19,057     1.00    13.00 31409.00   247.00   258.00  3169.45
2025-09-25 14:00       18,472     1.00    13.00 29000.00   248.00   249.53 28582.62
2025-09-25 15:00       19,110     1.00    13.00 22714.00   241.00   256.00  2319.98
2025-09-25 16:00       18,728     1.00    13.00 26235.00   247.00   249.00  3448.85
2025-09-25 17:00       19,472     1.00    13.00 25597.00   252.00   254.00  1585.09
2025-09-25 18:00       19,692     1.00    13.00   330.00   283.00   284.00   297.65
2025-09-25 19:00       19,595     1.00    13.00   386.00   249.00   284.00   284.04
2025-09-25 20:00       19,022     1.00    14.00 27834.00   271.00   284.00 24735.54
2025-09-25 21:00       18,122     1.00    14.00 28615.00   284.00   285.00 27873.32
2025-09-25 22:00       18,243     1.00    14.00 46984.00   248.00   252.76 31919.48
2025-09-25 23:00       17,998     1.00    14.00   472.00   252.00   253.00   458.20
2025-09-26 00:00       18,548     1.00    14.00 27927.00   250.00   253.00  4376.50
2025-09-26 01:00       19,103     1.00    14.00   313.00   248.00   253.00   269.13
2025-09-26 02:00       18,380     1.00    14.00 29105.00   247.00   253.00  4655.76
2025-09-26 03:00       18,072     1.00    14.00 26312.00   239.00   250.00  5021.88
2025-09-26 04:00       18,474     1.00    14.00 21815.00   241.00   251.00  3581.45
2025-09-26 05:00       18,299     1.00    14.00 25697.00   248.00   283.62 21598.38
2025-09-26 06:00       18,641     1.00    14.00 27595.00   240.00   251.00 25874.15
2025-09-26 07:00       18,046     1.00    14.00   355.00   253.00   283.00   288.11
2025-09-26 08:00       19,285     1.00    13.00   344.00   282.00   283.00   317.93
2025-09-26 09:00       19,425     1.00    13.00 25479.00   237.00   253.00  1773.88
2025-09-26 10:00       20,360     1.00    13.00 26398.00   249.00   250.00   421.13
2025-09-26 11:00       20,820     1.00    13.00   471.00   250.00   272.00   440.03
2025-09-26 12:00       19,482     1.00    13.00 32992.00   271.00   273.00  2019.36
2025-09-26 13:00       20,076     1.00    13.00   378.00   248.00   289.00   347.97
2025-09-26 14:00       19,226     1.00    14.00 26840.00   260.00   294.00 25476.81
2025-09-26 15:00       19,840     1.00    13.00 25439.00   250.00   320.00 24620.20
2025-09-26 16:00       21,010     1.00    13.00 26254.00   280.00   317.00 24444.44
2025-09-26 17:00       19,616     1.00    13.00 27382.00   316.00   322.00 25773.01
2025-09-26 18:00       19,608     1.00    13.00 23426.00   316.00   317.00  1304.30
2025-09-26 19:00       19,371     1.00    13.00   505.00   292.00   314.00   445.76
2025-09-26 20:00       18,672     1.00    14.00 30022.00   284.00   291.63 26150.20
2025-09-26 21:00       18,448     1.00    14.00   449.00   284.00   287.00   432.93
2025-09-26 22:00       18,578     1.00    14.00   413.00   290.00   291.00   362.69
2025-09-26 23:00       18,837     1.00    14.00   394.00   284.00   298.16   385.47
2025-09-27 00:00       18,447     1.00    14.00 26198.00   284.00   287.00  3985.41
2025-09-27 01:00       18,338     1.00    14.00   422.00   285.00   289.00   415.33
2025-09-27 02:00       18,631     1.00    13.00 26950.00   285.00   293.00 26588.60
2025-09-27 03:00       18,525     1.00    13.00 27635.00   278.00   305.76 25585.74
2025-09-27 04:00       18,283     1.00    14.00 27303.00   278.00   285.00  4686.15
2025-09-27 05:00       18,231     1.00    14.00 22861.00   283.00   286.00 18354.78
2025-09-27 06:00       18,655     1.00    12.00 25717.00   287.00   314.00 23394.50
2025-09-27 07:00        6,454     1.00    13.00   288.00   284.00   284.00   286.06
================================================================================

Detailed JSON report saved to: /root/repo/dev/omni/workspace/bixby.master.latency/latency_analysis_report.json
