================================================================================
ONE-WAY LATENCY ANALYSIS (BIXBY → MASTER)
================================================================================
Time Period: 2025-09-07T00:00:02+00:00 to 2025-09-27T07:21:55+00:00
Matched Entries: 4,156,756
Measurement: Bixby send time → Master receive time
================================================================================

OVERALL STATISTICS
--------------------------------------------------------------------------------
Count:       4,156,756
Min:             0.000 ms
Median:          6.000 ms
Max:         46980.000 ms
P99:           145.000 ms
P99.9:         151.000 ms
P99.99:      24425.298 ms

HOURLY STATISTICS
--------------------------------------------------------------------------------
Hour                    Count      Min   Median      Max      P99    P99.9   P99.99
--------------------------------------------------------------------------------
2025-09-07 00:00        1,233     0.00    30.00    34.00    32.00    33.00    33.88
2025-09-07 01:00        1,231     0.00    30.00    38.00    32.00    33.00    37.38
2025-09-07 02:00        1,240     0.00    30.00    33.00    32.00    33.00    33.00
2025-09-07 03:00        1,233     0.00    30.00    34.00    33.00    34.00    34.00
2025-09-07 04:00        1,231     0.00    30.00    34.00    33.00    34.00    34.00
2025-09-07 05:00        1,274     0.00    30.00    33.00    32.00    33.00    33.00
2025-09-07 06:00        1,267     0.00    30.00    32.00    32.00    32.00    32.00
2025-09-07 07:00        1,233     0.00    30.00    33.00    32.00    32.00    32.88
2025-09-07 08:00        1,246     0.00    30.00   102.00    32.00    33.00    93.41
2025-09-07 09:00        1,246     0.00    30.00    33.00    32.00    33.00    33.00
2025-09-07 10:00        1,231     0.00    30.00    34.00    33.00    33.77    34.00
2025-09-07 11:00        1,256     0.00    30.00    34.00    33.00    34.00    34.00
2025-09-07 12:00        1,216     0.00    30.00    36.00    32.00    33.00    35.64
2025-09-07 13:00        1,179     0.00    29.00    47.00    32.00    33.00    45.35
2025-09-07 14:00        1,192     0.00    29.00    33.00    32.00    32.00    32.88
2025-09-07 15:00        1,225     0.00    30.00    35.00    32.00    32.00    34.63
2025-09-07 16:00        1,220     0.00    29.50    33.00    32.00    33.00    33.00
2025-09-07 17:00        1,250     0.00    29.00    39.00    32.00    33.75    38.38
2025-09-07 18:00        1,225     0.00    30.00    34.00    32.00    33.00    33.88
2025-09-07 19:00        1,225     0.00    30.00    34.00    32.00    33.00    33.88
2025-09-07 20:00        1,228     0.00    30.00    33.00    33.00    33.00    33.00
2025-09-07 21:00        1,221     0.00    30.00    34.00    33.00    34.00    34.00
2025-09-07 22:00        1,235     0.00    30.00    35.00    33.00    34.77    35.00
2025-09-07 23:00        1,255     0.00    30.00    35.00    33.00    34.00    34.88
2025-09-08 00:00        1,225     0.00    30.00    35.00    33.00    34.00    34.88
2025-09-08 01:00        1,226     0.00    30.00    34.00    33.00    33.77    34.00
2025-09-08 02:00        1,217     0.00    30.00    34.00    33.00    33.00    33.88
2025-09-08 03:00        1,220     0.00    30.00    34.00    33.00    33.00    33.88
2025-09-08 04:00        1,213     0.00    30.00    35.00    33.00    34.00    34.88
2025-09-08 05:00        1,250     0.00    30.00    42.00    33.00    34.00    41.00
2025-09-08 06:00        1,264     0.00    30.00    35.00    33.00    34.00    34.87
2025-09-08 07:00        1,223     0.00    30.00    34.00    33.00    33.00    33.88
2025-09-08 08:00          890     0.00    30.00    34.00    33.00    33.11    33.91
2025-09-08 09:00        1,216     0.00    30.00    33.00    32.00    33.00    33.00
2025-09-08 10:00        1,219     0.00    30.00    35.00    32.00    33.00    34.76
2025-09-08 11:00        1,235     0.00    30.00    33.00    32.00    33.00    33.00
2025-09-08 12:00        1,226     0.00    30.00    34.00    33.00    34.00    34.00
2025-09-08 13:00        1,235     0.00    30.00 29338.00    32.66 26062.47 29019.01
2025-09-08 14:00        1,290     0.00    30.00 31952.00    33.00 28305.19 31610.93
2025-09-08 15:00        1,660     0.00     1.00    33.00    33.00    33.00    33.00
2025-09-08 16:00        1,631     0.00     1.00    33.00    32.70    33.00    33.00
2025-09-08 17:00        1,746     0.00    30.00   174.00   124.60   144.00   168.76
2025-09-08 18:00        7,739     0.00    30.00 20350.00   145.00   146.00 19700.01
2025-09-08 19:00        8,569     0.00     7.00   147.00   145.00   146.00   147.00
2025-09-08 20:00        8,335     0.00    29.00   146.00   145.00   146.00   146.00
2025-09-08 21:00        8,617     0.00     7.00 22466.00   146.00   146.38 21001.28
2025-09-08 22:00        8,227     0.00     7.00   198.00   146.00   148.77   192.24
2025-09-08 23:00        8,450     0.00     7.00   157.00   148.00   148.00   152.78
2025-09-09 00:00        8,728     0.00     6.00   166.00   144.00   148.00   164.25
2025-09-09 01:00        8,736     0.00     6.00   148.00   147.00   148.00   148.00
2025-09-09 02:00        8,784     0.00     6.00 21559.00   145.00   148.00 20325.87
2025-09-09 03:00        8,493     0.00     7.00   191.00   144.00   148.00   174.02
2025-09-09 04:00        8,258     0.00     7.00  7129.00   146.00   147.00  1392.86
2025-09-09 05:00        8,214     0.00     7.00 24512.00   144.00   161.44 24475.04
2025-09-09 06:00        8,475     0.00     7.00 24809.00   144.00   145.53 24486.14
2025-09-09 07:00        8,216     0.00     7.00   219.00   144.00   145.00   164.78
2025-09-09 08:00        8,791     0.00     7.00   145.00   144.00   145.00   145.00
2025-09-09 09:00        9,223     0.00     6.00   162.00   144.00   147.00   159.23
2025-09-09 10:00        8,859     0.00     7.00 26909.00   147.00   148.00 26764.62
2025-09-09 11:00        9,318     0.00     6.00 28173.00   143.00   145.00 24661.42
2025-09-09 12:00        9,619     0.00     6.00  6314.00   144.00   146.00   386.43
2025-09-09 13:00        9,687     0.00     6.00   148.00   146.00   147.00   148.00
2025-09-09 14:00        9,126     0.00     6.00   161.00   147.00   148.00   150.96
2025-09-09 15:00        9,731     0.00     6.00 29583.00   147.00   148.00 29224.94
2025-09-09 16:00        9,888     0.00     6.00   205.00   145.00   148.00   195.11
2025-09-09 17:00        8,986     0.00     7.00 27964.00   145.00   146.00 26609.06
2025-09-09 18:00        9,493     0.00     6.00   257.00   144.00   145.00   249.41
2025-09-09 19:00        9,063     0.00     6.00   270.00   146.00   223.64   266.38
2025-09-09 20:00        8,775     0.00     6.00   270.00   146.00   167.29   265.61
2025-09-09 21:00        8,353     0.00     7.00   259.00   148.00   167.07   248.14
2025-09-09 22:00        8,344     0.00     7.00 25075.00   148.00   149.00 24605.29
2025-09-09 23:00        8,485     0.00     7.00   236.00   148.00   149.00   229.21
2025-09-10 00:00        7,972     0.00    18.00   151.00   148.00   149.00   149.41
2025-09-10 01:00        8,086     0.00     7.00   149.00   147.00   148.00   149.00
2025-09-10 02:00        7,963     0.00     8.00   156.00   148.00   149.00   152.02
2025-09-10 03:00        7,971     0.00     8.00   278.00   148.00   222.12   277.20
2025-09-10 04:00        7,907     0.00    28.00   233.00   147.00   148.00   216.40
2025-09-10 05:00        7,955     0.00     8.00 19010.00   145.00   152.14 18448.45
2025-09-10 06:00        8,158     0.00     7.00 11385.00   143.00   144.84  8950.14
2025-09-10 07:00        8,256     0.00     7.00   183.00   145.00   146.00   175.57
2025-09-10 08:00        8,862     0.00     6.00   160.00   145.00   146.00   147.59
2025-09-10 09:00        9,054     0.00     6.00  1177.00   146.00   255.95   393.01
2025-09-10 10:00        9,059     0.00     6.00   202.00   145.00   146.00   182.98
2025-09-10 11:00        9,010     0.00     6.00   146.00   145.00   146.00   146.00
2025-09-10 12:00        8,949     0.00     6.00   149.00   148.00   149.00   149.00
2025-09-10 13:00        9,021     0.00     6.00   150.00   148.00   149.00   149.10
2025-09-10 14:00        8,983     0.00     6.00   192.00   148.00   149.00   181.22
2025-09-10 15:00        8,954     0.00     6.00 26921.00   148.00   149.42 25482.25
2025-09-10 16:00        8,800     0.00     7.00 25562.00   145.00   162.40 25245.24
2025-09-10 17:00        8,187     0.00     7.00 25830.00   145.00   242.70 24611.92
2025-09-10 18:00        8,088     0.00     7.00   264.00   146.00   224.83   259.96
2025-09-10 19:00        8,399     0.00     7.00   288.00   146.00   151.01   288.00
2025-09-10 20:00        7,470     0.00    29.00   355.00   145.00   242.00   297.49
2025-09-10 21:00        8,047     0.00     7.00   251.00   145.00   192.95   245.37
2025-09-10 22:00        7,808     0.00    29.00 26263.00   144.00   148.00 24476.76
2025-09-10 23:00        7,812     0.00    29.00   148.00   145.00   147.00   148.00
2025-09-11 00:00        7,704     0.00    28.00   160.00   147.00   149.00   159.23
2025-09-11 01:00        7,701     0.00    29.00   185.00   143.00   147.00   178.84
2025-09-11 02:00        7,739     0.00    29.00   207.00   146.00   147.00   193.07
2025-09-11 03:00        7,720     0.00    28.00 24562.00   146.00   149.00 24250.92
2025-09-11 04:00        8,188     0.00     7.00 24655.00   147.00   148.00 22369.19
2025-09-11 05:00        7,826     0.00    28.00 16347.00   144.00   150.93 15947.92
2025-09-11 06:00        8,060     0.00     7.00   195.00   145.00   151.00   190.97
2025-09-11 07:00        7,930     0.00     8.00   158.00   146.00   150.00   155.62
2025-09-11 08:00        8,600     0.00     7.00 27456.00   146.00   219.41 26007.07
2025-09-11 09:00        9,002     0.00     7.00   192.00   145.00   146.00   172.20
2025-09-11 10:00        9,017     0.00     7.00 25646.00   145.00   146.00 25113.15
2025-09-11 11:00        9,056     0.00     6.00   147.00   145.00   146.00   146.09
2025-09-11 12:00        9,265     0.00     6.00   170.00   146.00   148.00   167.22
2025-09-11 13:00        9,391     0.00     6.00   192.00   146.00   148.00   191.06
2025-09-11 14:00        9,185     0.00     6.00   208.00   144.00   146.00   161.16
2025-09-11 15:00        9,254     0.00     7.00 24756.00   145.00   148.00 24749.52
2025-09-11 16:00        9,053     0.00     7.00   210.00   144.00   146.00   206.38
2025-09-11 17:00        9,139     0.00     7.00 28008.00   146.00   147.00 24675.37
2025-09-11 18:00        8,725     0.00     7.00   232.00   145.00   155.04   221.53
2025-09-11 19:00        8,819     0.00     7.00   170.00   145.00   147.00   165.59
2025-09-11 20:00        8,468     0.00     7.00   148.00   147.00   147.00   148.00
2025-09-11 21:00        8,528     0.00     7.00   227.00   146.00   147.00   221.03
2025-09-11 22:00        8,756     0.00     7.00   156.00   146.00   147.00   149.00
2025-09-11 23:00        9,204     0.00     6.00 25002.00   146.00   147.00 23349.14
2025-09-12 00:00        9,477     0.00     5.00 24822.00   146.00   147.00 24203.22
2025-09-12 01:00        9,139     0.00     6.00   235.00   145.00   146.00   153.67
2025-09-12 02:00        9,106     0.00     6.00   173.00   145.00   146.00   156.61
2025-09-12 03:00        9,047     0.00     7.00   184.00   145.00   148.00   179.48
2025-09-12 04:00        8,974     0.00     7.00   192.00   148.00   149.00   191.10
2025-09-12 05:00        9,040     0.00     7.00 14719.00   148.00   149.00 14155.87
2025-09-12 06:00        9,264     0.00     6.00   149.00   147.00   148.00   149.00
2025-09-12 07:00        9,002     0.00     7.00   205.00   147.00   148.00   157.29
2025-09-12 08:00        9,586     0.00     6.00 24424.00   142.00   175.00 23114.69
2025-09-12 09:00        9,647     0.00     6.00   176.00   174.00   175.00   175.03
2025-09-12 10:00        9,604     0.00     6.00   228.00   144.00   147.00   151.18
2025-09-12 11:00        9,894     0.00     6.00   210.00   139.00   141.00   209.01
2025-09-12 12:00       10,169     0.00     5.00   198.00   169.00   183.00   193.92
2025-09-12 13:00       10,013     0.00     5.00   201.00   148.00   200.00   201.00
2025-09-12 14:00        9,526     0.00     6.00   157.00   147.00   156.00   157.00
2025-09-12 15:00       10,729     0.00     4.00 21050.00   144.00   156.00 18311.86
2025-09-12 16:00       10,737     0.00     4.00 27743.00   148.00   177.18 24432.27
2025-09-12 17:00        9,727     0.00     6.00 31355.00   144.74   152.29 28222.26
2025-09-12 18:00        9,002     0.00     7.00   227.00   147.00   148.00   208.10
2025-09-12 19:00        9,214     0.00     6.00   216.00   147.00   148.00   172.70
2025-09-12 20:00        9,143     0.00     6.00 23019.00   147.58   164.00 20661.28
2025-09-12 21:00        8,980     0.00     6.00 22319.00   148.00   150.00 21768.59
2025-09-12 22:00        8,800     0.00     6.00 10306.00   144.00   218.20  1470.04
2025-09-12 23:00        8,815     0.00     6.00   189.00   144.00   159.19   186.36
2025-09-13 00:00        9,150     0.00     6.00   172.00   144.00   145.85   159.19
2025-09-13 01:00        9,034     0.00     6.00   173.00   144.00   146.00   170.29
2025-09-13 02:00        6,902     0.00     6.00   241.00   144.00   152.19   226.51
2025-09-13 03:00        8,844     0.00     6.00 25553.00   146.00   148.78 25122.35
2025-09-13 04:00        9,060     0.00     6.00 27142.00   144.00   147.00 25024.91
2025-09-13 05:00        8,750     0.00     6.00 28790.00   143.00   165.50 25856.46
2025-09-13 06:00        8,925     0.00     6.00 22455.00   146.00   155.00 22438.94
2025-09-13 07:00        8,691     0.00     6.00   187.00   146.00   147.00   187.00
2025-09-13 08:00        9,581     0.00     6.00 25028.00   146.00   148.00 24509.72
2025-09-13 09:00        9,361     0.00     6.00 23477.00   146.00   147.00 22050.54
2025-09-13 10:00        9,241     0.00     6.00   248.00   146.00   156.28   229.52
2025-09-13 11:00        9,393     0.00     6.00   276.00   147.00   148.00   189.59
2025-09-13 12:00        9,691     0.00     6.00   216.00   146.00   148.00   214.06
2025-09-13 13:00        9,352     0.00     6.00 23853.00   145.00   182.95 23025.44
2025-09-13 14:00        9,119     0.00     6.00 26689.00   145.00   148.76 24648.39
2025-09-13 15:00        9,117     0.00     6.00   232.00   145.00   148.00   226.53
2025-09-13 16:00        9,444     0.00     6.00   260.00   144.00   145.00   200.51
2025-09-13 17:00        9,358     0.00     6.00   251.00   145.00   229.22   250.06
2025-09-13 18:00        9,158     0.00     6.00   188.00   145.00   146.00   153.20
2025-09-13 19:00        9,135     0.00     6.00   206.00   146.00   147.00   174.03
2025-09-13 20:00        9,057     0.00     6.00 28254.00   146.00   197.89 26169.31
2025-09-13 21:00        8,788     0.00     6.00   281.00   146.00   148.00   234.43
2025-09-13 22:00        8,843     0.00     6.00   226.00   145.00   157.69   195.05
2025-09-13 23:00        8,926     0.00     6.00 22805.00   144.00   146.00 21415.38
2025-09-14 00:00        9,187     0.00     6.00 28608.00   146.00   251.63 27106.09
2025-09-14 01:00        8,780     0.00     6.00   306.00   145.00   148.00   212.94
2025-09-14 02:00        8,868     0.00     6.00   207.00   145.00   147.00   175.08
2025-09-14 03:00        8,774     0.00     6.00   293.00   146.00   186.23   287.74
2025-09-14 04:00        9,083     0.00     6.00 26865.00   146.00   153.51 24975.04
2025-09-14 05:00        8,764     0.00     6.00 28198.00   144.00   180.98 27007.11
2025-09-14 06:00        8,952     0.00     6.00   298.00   146.00   147.00   198.64
2025-09-14 07:00        8,815     0.00     6.00 23307.00   146.00   147.19 22317.19
2025-09-14 08:00        9,581     0.00     6.00 28429.00   146.00   147.42 27118.46
2025-09-14 09:00        9,407     0.00     6.00  2199.00   146.00   149.19   349.78
2025-09-14 10:00        9,319     0.00     6.00   231.00   144.00   146.00   209.57
2025-09-14 11:00        9,407     0.00     6.00   216.00   144.00   158.97   211.30
2025-09-14 12:00        9,657     0.00     6.00   287.00   144.00   146.69   257.07
2025-09-14 13:00        9,384     0.00     6.00   285.00   144.00   145.62   195.86
2025-09-14 14:00        9,044     0.00     7.00 26740.00   144.00   180.91 26490.41
2025-09-14 15:00        9,148     0.00     6.00   251.00   144.00   146.85   208.92
2025-09-14 16:00        9,474     0.00     6.00   262.00   146.00   146.00   261.05
2025-09-14 17:00        9,178     0.00     6.00   211.00   146.00   156.41   207.33
2025-09-14 18:00        9,226     0.00     6.00   216.00   146.00   147.00   201.24
2025-09-14 19:00        9,143     0.00     6.00   300.00   146.00   251.72   299.09
2025-09-14 20:00        9,108     0.00     6.00 27449.00   146.00   261.46 26532.84
2025-09-14 21:00        6,634     0.00     6.00   282.00   146.00   207.20   251.49
2025-09-14 22:00        8,820     0.00     7.00   256.00   146.00   152.00   249.83
2025-09-14 23:00        8,731     0.00     7.00   294.00   146.00   217.27   278.29
2025-09-15 00:00        9,154     0.00     6.00 27378.00   146.00   190.48 26909.37
2025-09-15 01:00        8,882     0.00     7.00   328.00   146.00   147.00   319.12
2025-09-15 02:00        8,823     0.00     7.00   232.00   146.00   146.00   222.30
2025-09-15 03:00        8,773     0.00     7.00 28876.00   146.00   206.14 27211.07
2025-09-15 04:00        8,755     0.00     7.00   290.00   147.00   149.00   225.22
2025-09-15 05:00        8,326     0.00     7.00 29961.00   148.00   297.68 27979.65
2025-09-15 06:00        8,521     0.00     7.00 25684.00   145.00   147.00 25258.00
2025-09-15 07:00        8,340     0.00     7.00   320.00   146.00   154.31   265.80
2025-09-15 08:00        9,233     0.00     7.00   244.00   146.00   175.84   232.92
2025-09-15 09:00        8,995     0.00     7.00 27896.00   142.00   210.01  3022.19
2025-09-15 10:00        8,911     0.00     7.00 25476.00   145.00   240.00 25114.25
2025-09-15 11:00        9,211     0.00     7.00   363.00   145.00   230.37   253.40
2025-09-15 12:00       10,231     0.00     6.00   339.00   145.00   169.31   228.91
2025-09-15 13:00        9,460     0.00     6.00   247.00   145.00   194.54   245.11
2025-09-15 14:00        9,676     0.00     6.00   507.00   145.00   202.47   326.08
2025-09-15 15:00        9,542     0.00     5.00   164.00   146.00   146.00   147.78
2025-09-15 16:00        9,073     0.00     5.00   305.00   146.00   147.00   239.68
2025-09-15 17:00        9,402     0.00     5.00 27188.00   146.00   212.59 24788.87
2025-09-15 18:00        9,032     0.00     5.00 28359.00   146.00   188.94 26944.74
2025-09-15 19:00        9,004     0.00     5.00   338.00   144.00   174.98   332.60
2025-09-15 20:00        8,476     0.00     5.00   379.00   144.00   214.50   262.05
2025-09-15 21:00        8,753     0.00     5.00 21744.00   144.00   157.99 19995.35
2025-09-15 22:00        8,617     0.00     5.00 25034.00   145.00   231.00 24498.08
2025-09-15 23:00        8,658     0.00     5.00   146.00   144.00   145.00   146.00
2025-09-16 00:00        8,584     0.00     5.00 22141.00   145.00   211.09 22079.20
2025-09-16 01:00        8,526     0.00     5.00   250.00   146.00   162.20   249.15
2025-09-16 02:00        8,440     0.00     5.00   247.00   146.00   146.56   217.46
2025-09-16 03:00        8,397     0.00     5.00   351.00   146.00   193.91   282.15
2025-09-16 04:00        8,427     0.00     5.00   301.00   146.00   247.57   298.47
2025-09-16 05:00        8,025     0.00     6.00 23376.00   146.00   316.93 22625.76
2025-09-16 06:00        7,829     0.00     6.00 13993.00   144.00   146.00 13314.31
2025-09-16 07:00        8,677     0.00     5.00 24193.00   144.00   145.00 22525.47
2025-09-16 08:00        9,018     0.00     5.00   247.00   144.00   148.98   243.39
2025-09-16 09:00        9,035     0.00     5.00 27828.00   147.00   227.86 27690.68
2025-09-16 10:00        8,957     0.00     5.00 20104.00   146.00   147.00 20060.12
2025-09-16 11:00        9,360     0.00     5.00 25045.00   145.41   148.00 22358.03
2025-09-16 12:00        9,205     0.00     5.00 24418.00   144.00   145.00 23608.05
2025-09-16 13:00        9,155     0.00     5.00 25768.00   145.00   225.92 24915.76
2025-09-16 14:00        8,917     0.00     5.00 23748.00   147.00   255.26 23523.32
2025-09-16 15:00        8,968     0.00     5.00 24136.00   147.00   252.10 21609.10
2025-09-16 16:00        9,144     0.00     5.00 21704.00   145.00   226.57 19530.71
2025-09-16 17:00        9,739     0.00     5.00 23121.00   145.00   148.00 21871.62
2025-09-16 18:00        9,631     0.00     5.00 26097.00   145.00   164.22 26069.07
2025-09-16 19:00        9,354     0.00     5.00 27374.00   144.00   148.00 27018.59
2025-09-16 20:00        8,619     0.00     5.00 27438.00   145.00   269.08 27248.40
2025-09-16 21:00        9,023     0.00     5.00 27389.00   145.00   146.00 26441.69
2025-09-16 22:00        8,957     0.00     5.00   339.00   145.00   232.44   335.42
2025-09-16 23:00        9,057     0.00     5.00   310.00   144.00   265.89   284.64
2025-09-17 00:00        8,891     0.00     6.00 24864.00   146.00   149.00 23421.15
2025-09-17 01:00        9,003     0.00     6.00   332.00   146.00   242.00   327.50
2025-09-17 02:00        8,964     0.00     6.00 27068.00   147.00   273.07 26166.32
2025-09-17 03:00        8,862     0.00     6.00   384.00   146.00   148.00   374.25
2025-09-17 04:00        8,800     0.00     7.00 26802.00   146.00   180.42 24233.57
2025-09-17 05:00        8,885     0.00     6.00 13200.00   146.00   199.93 13012.55
2025-09-17 06:00        9,067     0.00     6.00 24379.00   145.00   260.88 23130.61
2025-09-17 07:00        8,673     0.00     7.00 24891.00   146.00   248.98 24606.56
2025-09-17 08:00        9,314     0.00     6.00   306.00   144.00   194.72   294.82
2025-09-17 09:00        9,551     0.00     6.00 22698.00   146.00   254.30 22558.57
2025-09-17 10:00        9,341     0.00     6.00 10189.00   145.60   155.64  6655.68
2025-09-17 11:00        9,538     0.00     6.00 28275.00   146.00   264.26 26737.64
2025-09-17 12:00        9,506     0.00     6.00 26009.00   145.00   147.00 22503.56
2025-09-17 13:00        9,581     0.00     6.00   369.00   143.00   185.54   367.08
2025-09-17 14:00        9,634     0.00     6.00 24258.00   143.00   265.37 24241.62
2025-09-17 15:00        9,529     0.00     6.00   333.00   145.00   172.07   277.74
2025-09-17 16:00        9,319     0.00     6.00 29621.00   146.00   148.00 27329.70
2025-09-17 17:00        9,272     0.00     6.00 28250.00   146.00   147.00 27409.12
2025-09-17 18:00        9,113     0.00     6.00 25418.00   144.00   146.00 24084.00
2025-09-17 19:00        6,740     0.00     6.00 25852.00   142.00   143.26 24852.61
2025-09-17 21:00        4,406     0.00     6.00   206.00   142.00   143.00   196.31
2025-09-17 22:00        9,845     0.00     5.00 28753.00   143.00   143.00 26117.76
2025-09-17 23:00       11,091     0.00     1.00 42505.00   143.00   145.00 40529.55
2025-09-18 00:00        9,876     0.00     5.00 28332.00   144.00   151.25 28014.03
2025-09-18 01:00        9,881     0.00     5.00 26644.00   146.00   147.00 25601.66
2025-09-18 02:00       10,405     0.00     2.00 27809.00   146.00   147.00 24662.09
2025-09-18 03:00       10,224     0.00     3.00 28100.00   142.00   143.00 27185.39
2025-09-18 04:00        9,872     0.00     5.00 28579.00   145.00   256.90 25354.14
2025-09-18 05:00        9,882     0.00     5.00 26505.00   146.00   266.79 24671.09
2025-09-18 06:00       10,128     0.00     4.00 20064.00   144.00   163.59 19777.13
2025-09-18 07:00        9,709     0.00     5.00 25233.00   146.00   147.00 23853.49
2025-09-18 08:00        9,183     0.00     7.00 26801.00   143.00   147.00 23864.60
2025-09-18 09:00        9,352     0.00     6.00 30845.00   143.00   183.65 28180.90
2025-09-18 10:00        9,454     0.00     6.00 24921.00   146.00   148.00 24708.31
2025-09-18 11:00        9,782     0.00     6.00 22625.00   141.00   269.10 22430.36
2025-09-18 12:00        9,790     0.00     6.00 23020.00   141.00   150.00 22936.79
2025-09-18 13:00        9,691     0.00     6.00   386.00   146.00   278.78   380.19
2025-09-18 14:00        9,583     0.00     6.00 27681.00   136.00   147.00 26580.99
2025-09-18 15:00        9,688     0.00     6.00 45108.00   147.00   334.56 27282.95
2025-09-18 16:00        9,638     0.00     6.00 26499.00   145.00   146.00 26152.07
2025-09-18 17:00       10,038     0.00     6.00 30446.00   145.00   145.96 30420.67
2025-09-18 18:00        9,570     0.00     6.00   277.00   146.00   147.00   270.30
2025-09-18 19:00        8,938     0.00     7.00 26380.00   145.00   146.00 25466.64
2025-09-18 20:00        8,922     0.00     7.00 27557.00   146.00   147.71 27377.69
2025-09-18 21:00        9,798     0.00     5.00   356.00   145.00   146.20   331.51
2025-09-18 22:00       10,492     0.00     4.00   368.00   146.00   163.16   349.95
2025-09-18 23:00       10,205     0.00     4.00   148.00   145.00   146.00   148.00
2025-09-19 00:00        9,961     0.00     5.00   362.00   146.00   149.00   347.06
2025-09-19 01:00       10,411     0.00     2.00   303.00   145.00   148.00   274.67
2025-09-19 02:00       10,362     0.00     2.00   343.00   145.00   148.64   337.28
2025-09-19 03:00       10,130     0.00     3.00 24814.00   147.00   251.00 22991.03
2025-09-19 04:00        9,463     0.00     6.00 29463.00   144.00   146.00 26936.65
2025-09-19 05:00        9,874     0.00     5.00 20082.00   144.00   248.37 18418.40
2025-09-19 06:00       10,035     0.00     4.00 28058.00   146.00   148.00 26722.45
2025-09-19 07:00        9,911     0.00     4.00   389.00   145.00   146.00   329.54
2025-09-19 08:00       10,321     0.00     5.00   155.00   145.00   146.00   147.97
2025-09-19 09:00        9,864     0.00     6.00 27367.00   147.00   214.27 27203.27
2025-09-19 10:00       10,372     0.00     5.00 25762.00   145.00   146.00 24563.91
2025-09-19 11:00       11,266     0.00     1.00 27127.00   144.00   146.00 25780.79
2025-09-19 12:00       10,995     0.00     2.00   386.00   145.00   146.00   364.72
2025-09-19 13:00       11,005     0.00     2.00 24746.00   145.00   146.00 24130.42
2025-09-19 14:00       11,479     0.00     2.00 26652.00   146.00   148.00 25737.69
2025-09-19 15:00       10,909     0.00     3.00 25459.00   146.00   162.04 24587.00
2025-09-19 16:00       10,673     0.00     6.00 26470.00   146.00  1016.15 25720.26
2025-09-19 17:00       10,225     0.00     6.00 25579.00   144.00   148.00 23884.52
2025-09-19 18:00        9,629     0.00     6.00   168.00   144.00   147.00   147.78
2025-09-19 19:00        8,292     0.00     7.00 24545.00   146.00   147.00 24103.09
2025-09-19 20:00        8,189     0.00     7.00 23544.00   146.00   147.00 22886.50
2025-09-19 21:00        8,171     0.00    29.00 25144.00   148.00   149.00 23335.16
2025-09-19 22:00        8,789     0.00     7.00   148.00   146.00   148.00   148.00
2025-09-19 23:00        9,141     0.00     7.00   147.00   142.00   146.00   147.00
2025-09-20 00:00        9,487     0.00     6.00   148.00   146.00   147.00   148.00
2025-09-20 01:00        9,536     0.00     6.00   147.00   145.00   146.00   147.00
2025-09-20 02:00        9,475     0.00     6.00   168.00   145.00   147.00   156.63
2025-09-20 03:00        9,370     0.00     6.00 26021.00   146.00   148.00 24699.97
2025-09-20 04:00        9,120     0.00     6.00   264.00   146.00   178.88   242.11
2025-09-20 05:00        9,483     0.00     6.00 26388.00   146.00   148.00 25247.31
2025-09-20 06:00        9,624     0.00     6.00 28615.00   146.00   147.38 28162.72
2025-09-20 07:00        9,325     0.00     6.00   148.00   145.00   148.00   148.00
2025-09-20 08:00        9,881     0.00     6.00   146.00   144.00   145.00   146.00
2025-09-20 09:00        9,957     0.00     6.00 26666.00   146.00   147.00 26563.45
2025-09-20 10:00        9,952     0.00     6.00   190.00   146.00   148.00   149.20
2025-09-20 11:00       10,050     0.00     6.00   148.00   145.00   148.00   148.00
2025-09-20 12:00       10,033     0.00     6.00   154.00   144.00   147.00   147.00
2025-09-20 13:00       10,161     0.00     6.00 28529.00   146.00   148.00 26238.76
2025-09-20 14:00        9,882     0.00     6.00 29855.00   146.00   147.00 26905.52
2025-09-20 15:00        9,776     0.00     6.00 22856.00   144.00   146.00 22060.31
2025-09-20 16:00        9,829     0.00     6.00   154.00   144.00   147.00   147.12
2025-09-20 17:00        9,864     0.00     6.00 27315.00   144.00   148.00 27088.15
2025-09-20 18:00        9,862     0.00     6.00   147.00   146.00   147.00   147.00
2025-09-20 19:00        9,912     0.00     6.00 31744.00   143.00   144.00 29932.27
2025-09-20 20:00        9,590     0.00     6.00   172.00   147.00   151.00   151.86
2025-09-20 21:00        9,614     0.00     6.00   151.00   149.00   150.00   151.00
2025-09-20 22:00        9,669     0.00     6.00   150.00   149.00   150.00   150.00
2025-09-20 23:00        9,637     0.00     6.00   153.00   145.00   150.00   152.04
2025-09-21 00:00        9,624     0.00     6.00   168.00   146.00   147.00   162.23
2025-09-21 01:00        9,542     0.00     6.00   148.00   146.00   147.00   147.05
2025-09-21 02:00        9,467     0.00     6.00 32540.00   144.00   146.00 30050.44
2025-09-21 03:00        9,596     0.00     6.00   147.00   145.00   146.00   146.04
2025-09-21 04:00        9,508     0.00     6.00   176.00   145.00   146.00   161.74
2025-09-21 05:00        9,465     0.00     6.00 26036.00   145.00   146.54 23213.83
2025-09-21 06:00        9,667     0.00     6.00 28195.00   145.00   147.00 27637.27
2025-09-21 07:00        9,379     0.00     6.00   148.00   146.00   147.00   148.00
2025-09-21 08:00       10,011     0.00     6.00   159.00   146.00   147.00   149.00
2025-09-21 09:00       10,102     0.00     6.00   183.00   142.00   144.00   146.00
2025-09-21 10:00       10,005     0.00     6.00 28318.00   145.00   147.00 25564.83
2025-09-21 11:00       10,125     0.00     6.00 28301.00   144.00   147.00 27208.71
2025-09-21 12:00       10,060     0.00     6.00   147.00   146.00   147.00   147.00
2025-09-21 13:00       10,086     0.00     6.00   206.00   146.00   147.00   190.68
2025-09-21 14:00        9,787     0.00     6.00 30131.00   146.00   147.00 26609.02
2025-09-21 15:00        9,887     0.00     6.00   199.00   146.00   147.00   158.47
2025-09-21 16:00        9,823     0.00     6.00   202.00   146.00   148.00   154.85
2025-09-21 17:00       10,007     0.00     6.00 27970.00   144.00   148.00 27563.93
2025-09-21 18:00        9,962     0.00     6.00   152.00   145.00   146.00   146.02
2025-09-21 19:00        9,951     0.00     6.00 23854.00   144.00   145.00 23109.74
2025-09-21 20:00        9,620     0.00     6.00   191.00   144.00   145.00   147.71
2025-09-21 21:00        9,605     0.00     6.00 26896.00   144.00   145.00 26403.31
2025-09-21 22:00        9,609     0.00     6.00   180.00   144.00   145.00   172.31
2025-09-21 23:00        9,746     0.00     6.00 28824.00   144.00   147.00 28017.11
2025-09-22 00:00        9,610     0.00     6.00 23044.00   144.00   146.00 20185.32
2025-09-22 01:00        9,546     0.00     6.00 24259.00   144.00   145.00 24017.51
2025-09-22 02:00       10,119     0.00     3.00   264.00   147.00   149.00   260.95
2025-09-22 03:00       10,197     0.00     3.00   174.00   145.00   147.00   147.00
2025-09-22 04:00       10,095     0.00     5.00   153.00   145.00   147.00   147.00
2025-09-22 05:00       10,127     0.00     2.00 29065.00   146.00   147.00 27014.32
2025-09-22 06:00       10,339     0.00     2.00 25338.00   145.00   147.00 24318.62
2025-09-22 07:00       10,111     0.00     2.00 29752.00   145.00   146.00 27923.78
2025-09-22 08:00       10,657     0.00     3.00 29238.00   144.00   145.00 26240.99
2025-09-22 09:00       10,755     0.00     3.00   210.00   136.00   145.00   201.48
2025-09-22 10:00       10,722     0.00     5.00   211.00   144.00   145.00   146.00
2025-09-22 11:00       10,857     0.00     2.00   225.00   144.00   145.00   187.98
2025-09-22 12:00       10,842     0.00     3.00   197.00   146.00   147.00   173.33
2025-09-22 13:00       11,093     0.00     2.00   173.00   143.00   145.91   169.78
2025-09-22 14:00       10,518     0.00     6.00   221.00   144.00   147.00   175.45
2025-09-22 15:00       10,729     0.00     6.00   221.00   146.00   148.00   195.29
2025-09-22 16:00       11,417     0.00     2.00 26703.00   136.00   157.58 21493.46
2025-09-22 17:00       11,443     0.00     2.00 31065.00   145.00   147.00 27449.79
2025-09-22 18:00       10,719     0.00     6.00 27121.00   146.00   148.56 25475.40
2025-09-22 19:00       10,701     0.00     6.00 30586.00   146.00   148.00 27787.91
2025-09-22 20:00       10,270     0.00     5.00 28962.00   144.00   147.00 28346.44
2025-09-22 21:00       10,253     0.00     3.00   248.00   146.00   148.00   162.80
2025-09-22 22:00       10,233     0.00     3.00 26282.00   145.00   149.00 26077.43
2025-09-22 23:00       10,248     0.00     2.00   180.00   147.00   148.00   174.60
2025-09-23 00:00        9,386     0.00     6.00 29489.00   147.00   148.00 28022.12
2025-09-23 01:00        8,403     0.00     7.00 23806.00   147.00   148.00 23775.75
2025-09-23 02:00        8,478     0.00     7.00   156.00   147.00   148.00   154.31
2025-09-23 03:00        8,289     0.00     7.00 26317.00   147.00   148.00 25197.29
2025-09-23 04:00        7,990     0.00     7.00   322.00   148.00   156.11   298.03
2025-09-23 05:00        6,209     0.00     7.00 31504.00   146.00   196.18 30351.79
2025-09-23 06:00        8,587     0.00     7.00   192.00   146.00   147.00   154.22
2025-09-23 07:00        8,187     0.00     7.00   239.00   147.00   148.00   236.54
2025-09-23 08:00        8,989     0.00     7.00 24608.00   145.00   149.00 24452.51
2025-09-23 09:00        9,034     0.00     7.00 28795.00   146.00   156.00 27533.99
2025-09-23 10:00        8,979     0.00     7.00 22049.00   143.00   153.04 21724.89
2025-09-23 11:00        9,654     0.00     6.00 25403.00   145.00   147.00 24725.36
2025-09-23 12:00        9,324     0.00     6.00 30661.00   147.00   153.71 29800.49
2025-09-23 13:00        9,651     0.00     6.00 25677.00   146.00   148.05 24827.80
2025-09-23 14:00        9,478     0.00     6.00 23972.00   145.00   147.52 23079.27
2025-09-23 15:00        9,269     0.00     6.00 25376.00   146.00   148.00 25073.86
2025-09-23 16:00        9,366     0.00     6.00 25248.00   144.00   148.00 24885.58
2025-09-23 17:00        9,775     0.00     6.00 46819.00   146.00 22032.05 44859.31
2025-09-23 18:00        8,963     0.00     7.00 25789.00   144.00   151.11 25360.62
2025-09-23 19:00        8,863     0.00     7.00 25653.00   147.00   148.00 24316.61
2025-09-23 20:00        8,636     0.00     7.00 27887.00   147.00 17243.95 27440.57
2025-09-23 21:00        8,472     0.00     7.00 25761.00   145.00   162.00 24690.27
2025-09-23 22:00        8,459     0.00     7.00 33856.00   146.00   176.54 33818.79
2025-09-23 23:00        9,132     0.00     6.00 23486.00   145.00 10536.08 23112.54
2025-09-24 00:00        9,137     0.00     6.00   162.00   146.00   147.00   149.21
2025-09-24 01:00        9,148     0.00     6.00 26860.00   146.00   147.00 26616.69
2025-09-24 02:00        9,078     0.00     7.00   221.00   143.00   148.00   210.11
2025-09-24 03:00        8,977     0.00     6.00 24513.00   142.00   146.00 23155.83
2025-09-24 04:00        8,995     0.00     6.00 23447.00   145.00   146.00 23279.71
2025-09-24 05:00        8,974     0.00     6.00 27392.00   145.00   246.03 26519.82
2025-09-24 06:00        9,212     0.00     6.00 26887.00   145.00   147.00 25994.45
2025-09-24 07:00        8,875     0.00     7.00 25687.00   142.00   147.00 24139.37
2025-09-24 08:00        9,447     0.00     6.00   176.00   146.00   147.00   156.16
2025-09-24 09:00        9,633     0.00     6.00 28271.00   140.00   147.00 26927.34
2025-09-24 10:00        9,864     0.00     6.00 31091.00   141.00   146.14 28098.57
2025-09-24 11:00        9,842     0.00     6.00 28046.00   145.00   157.16 27941.69
2025-09-24 12:00        9,633     0.00     6.00 33280.00   145.00   149.00 29659.33
2025-09-24 13:00        9,673     0.00     6.00 29163.00   134.00   172.97 28705.51
2025-09-24 14:00        9,423     0.00     6.00 27891.00   141.00   148.00 27467.95
2025-09-24 15:00        9,432     0.00     6.00 31717.00   145.00   147.00 28534.04
2025-09-24 16:00        9,492     0.00     7.00 26283.00   146.00   147.00 23131.04
2025-09-24 17:00        9,566     0.00     6.00 25169.00   145.00   146.00 24304.32
2025-09-24 18:00        9,211     0.00     7.00 28631.00   147.00   210.92 27172.14
2025-09-24 19:00        9,978     0.00     6.00 26371.00   147.00   169.09 26138.54
2025-09-24 20:00       10,007     0.00     6.00 30836.00   147.00   148.00 29355.50
2025-09-24 21:00        8,899     0.00     7.00 30749.00   145.00   147.10 30386.85
2025-09-24 22:00        8,659     0.00     7.00 23277.00   147.00   148.00 19934.15
2025-09-24 23:00        8,695     0.00     7.00 29329.00   145.00   146.00 28213.56
2025-09-25 00:00        8,833     0.00     7.00   146.00   145.00   146.00   146.00
2025-09-25 01:00        6,649     0.00     7.00   147.00   144.00   147.00   147.00
2025-09-25 02:00        8,745     0.00     7.00 25874.00   146.00   147.00 25625.67
2025-09-25 03:00        8,672     0.00     7.00 24496.00   144.00   150.28 22988.11
2025-09-25 04:00        8,739     0.00     7.00 31397.00   145.00   146.00 31303.50
2025-09-25 05:00        8,786     0.00     7.00 25007.00   145.00   177.96 24744.33
2025-09-25 06:00        8,660     0.00     7.00   184.00   149.00   150.00   155.43
2025-09-25 07:00        8,646     0.00     7.00   210.00   123.00   151.35   196.17
2025-09-25 08:00        9,613     0.00     6.00 17964.00   114.00   145.00 17707.36
2025-09-25 09:00        9,379     0.00     6.00 29181.00   150.00   152.00 27132.85
2025-09-25 10:00        9,294     0.00     7.00 26189.00   114.00   151.00 24947.46
2025-09-25 11:00        9,443     0.00     6.00   196.00   115.00   185.56   196.00
2025-09-25 12:00        9,369     0.00     6.00 31813.00   119.00   125.00 31527.28
2025-09-25 13:00        9,383     0.00     6.00 31397.00   121.00   123.00 29595.66
2025-09-25 14:00        9,072     0.00     7.00 28998.00   122.00   123.93 28743.10
2025-09-25 15:00        9,419     0.00     6.00 22711.00   117.00   152.00 22560.31
2025-09-25 16:00        9,168     0.00     7.00 26232.00   115.00   147.00 25414.30
2025-09-25 17:00        9,586     0.00     7.00 25594.00   132.00   148.00 24760.10
2025-09-25 18:00        9,693     0.00     6.00   212.00   135.00   144.00   184.86
2025-09-25 19:00        9,649     0.00     7.00   268.00   144.00   145.00   150.29
2025-09-25 20:00        9,360     0.00     7.00 27831.00   143.00   224.92 26159.48
2025-09-25 21:00        8,907     0.00     7.00 28613.00   148.00   149.66 28075.08
2025-09-25 22:00        8,993     0.00     7.00 46980.00   127.24   228.00 44852.49
2025-09-25 23:00        8,858     0.00     7.00   354.00   147.00   178.29   353.11
2025-09-26 00:00        9,140     0.00     7.00 27920.00   146.00   148.00 27474.02
2025-09-26 01:00        9,397     0.00     7.00   255.00   141.00   148.00   196.75
2025-09-26 02:00        9,026     0.00     7.00 29102.00   135.00   147.00 27409.81
2025-09-26 03:00        8,873     0.00     7.00 26310.00   114.00   147.13 24893.14
2025-09-26 04:00        9,062     0.00     7.00 21811.00   136.00   177.69 21572.70
2025-09-26 05:00        9,003     0.00     7.00 25695.00   144.00   234.98 23557.92
2025-09-26 06:00        9,166     0.00     7.00 27593.00   135.00   144.84 27267.64
2025-09-26 07:00        8,862     0.00     7.00   247.00   136.00   148.00   231.94
2025-09-26 08:00        9,485     0.00     7.00   257.00   135.00   181.80   244.67
2025-09-26 09:00        9,538     0.00     6.00 25476.00   113.00   146.00 23735.50
2025-09-26 10:00       10,002     0.00     6.00 26380.00   144.00   189.00 24567.58
2025-09-26 11:00       10,238     0.00     6.00   331.00   144.00   145.00   326.70
2025-09-26 12:00        9,562     0.00     6.00 32989.00   135.00   145.00 31430.56
2025-09-26 13:00        9,831     0.00     6.00   271.00   122.00   206.17   268.05
2025-09-26 14:00        9,404     0.00     7.00 26837.00   146.00   148.00 26535.16
2025-09-26 15:00        9,762     0.00     6.00 25436.00   135.00   176.00 25425.26
2025-09-26 16:00       10,294     0.00     6.00 26252.00   141.00   145.00 25806.68
2025-09-26 17:00        9,638     0.00     6.00 27379.00   141.00   191.00 26108.84
2025-09-26 18:00        9,606     0.00     7.00 23421.00   145.00   146.00 23283.65
2025-09-26 19:00        9,506     0.00     6.00   369.00   140.00   164.46   337.63
2025-09-26 20:00        9,117     0.00     7.00 30016.00   140.00   189.30 28914.79
2025-09-26 21:00        9,027     0.00     7.00   337.00   139.00   142.00   320.75
2025-09-26 22:00        9,102     0.00     7.00   297.00   144.00   156.80   269.70
2025-09-26 23:00        9,229     0.00     6.00   286.00   139.00   209.54   282.31
2025-09-27 00:00        9,046     0.00     7.00 26195.00   142.00   148.78 24150.83
2025-09-27 01:00        8,988     0.00     7.00   309.00   142.00   143.00   284.74
2025-09-27 02:00        9,099     0.00     7.00 26948.00   143.00   222.90 26625.93
2025-09-27 03:00        9,073     0.00     7.00 27632.00   140.00   348.93 25772.24
2025-09-27 04:00        8,935     0.00     7.00 27300.00   139.00   142.00 25437.26
2025-09-27 05:00        8,924     0.00     7.00 22857.00   140.00   257.00 20820.77
2025-09-27 06:00        9,116     0.00     7.00 25714.00   139.00   211.90 24769.69
2025-09-27 07:00        3,157     0.00     7.00   141.00   139.00   140.84   141.00
================================================================================
